.................
.................
.................
.................
.................
.................
.................
.................
..OOO............
....OOO..........
......O....OOO...
......OO..OOOO...
.....OOOOOOOOOX..
.................
.................
26	25	24	23	22	21	20	19	18	17	16	15	14	13	12	13	
25	24	23	22	21	20	19	18	17	16	15	14	13	12	11	12	
24	23	22	21	20	19	18	17	16	15	14	13	12	11	10	11	
23	22	21	20	19	18	17	16	15	14	13	12	11	10	9	10	
22	21	20	19	18	17	16	15	14	13	12	11	10	9	8	9	
21	20	19	18	17	16	15	14	13	12	11	10	9	8	7	8	
20	19	18	17	16	15	14	13	12	11	10	9	8	7	6	7	
19	18	17	16	15	14	13	12	11	10	9	8	7	6	5	6	
20	19	999	999	999	13	12	11	10	9	8	7	6	5	4	5	
19	18	17	16	999	999	999	10	9	8	7	6	5	4	3	4	
18	17	16	15	14	15	999	11	10	9	8	999	999	999	2	3	
17	16	15	14	13	14	999	999	11	10	999	999	999	999	1	2	
16	15	14	13	12	999	999	999	999	999	999	999	999	999	0	1	
15	14	13	12	11	10	9	8	7	6	5	4	3	2	1	2	
